Namespace(batch_size=4, dump_dir='dump', gpu=0, model='pointnet_cls_basic', model_path='log/model.ckpt', num_point=1024, visu=False)
Model restored.
----0----
----1----
eval mean loss: 0.678081
eval accuracy: 0.870340
eval avg class acc: 0.841779
  airplane:	1.000
   bathtub:	0.820
       bed:	0.950
     bench:	0.700
 bookshelf:	0.880
    bottle:	0.970
      bowl:	0.950
       car:	0.980
     chair:	0.970
      cone:	0.900
       cup:	0.600
   curtain:	0.900
      desk:	0.826
      door:	0.800
   dresser:	0.651
flower_pot:	0.200
 glass_box:	0.950
    guitar:	1.000
  keyboard:	1.000
      lamp:	0.950
    laptop:	1.000
    mantel:	0.950
   monitor:	0.970
night_stand:	0.674
    person:	0.900
     piano:	0.850
     plant:	0.730
     radio:	0.650
range_hood:	0.900
      sink:	0.750
      sofa:	0.950
    stairs:	0.900
     stool:	0.800
     table:	0.780
      tent:	0.950
    toilet:	0.960
  tv_stand:	0.790
      vase:	0.770
  wardrobe:	0.650
      xbox:	0.750
