Namespace(batch_size=4, dump_dir='dump', gpu=0, model='RadialNet', model_path='log/model.ckpt', num_point=1024, visu=False)
Model restored.
----0----
----1----
eval mean loss: 0.448885
eval accuracy: 0.892626
eval avg class acc: 0.864279
  airplane:	1.000
   bathtub:	0.880
       bed:	0.990
     bench:	0.700
 bookshelf:	0.930
    bottle:	0.960
      bowl:	1.000
       car:	0.980
     chair:	0.990
      cone:	1.000
       cup:	0.800
   curtain:	0.900
      desk:	0.756
      door:	0.900
   dresser:	0.686
flower_pot:	0.050
 glass_box:	0.980
    guitar:	0.990
  keyboard:	1.000
      lamp:	0.950
    laptop:	1.000
    mantel:	0.950
   monitor:	0.950
night_stand:	0.709
    person:	0.900
     piano:	0.900
     plant:	0.830
     radio:	0.650
range_hood:	0.950
      sink:	0.700
      sofa:	0.970
    stairs:	0.900
     stool:	0.800
     table:	0.860
      tent:	0.950
    toilet:	0.990
  tv_stand:	0.780
      vase:	0.790
  wardrobe:	0.700
      xbox:	0.850
